0 	 221 	 224 	 ww
0 	 221 	 243 	 ww
0 	 221 	 244 	 ww
0 	 221 	 289 	 ww
0 	 222 	 298 	 ww
0 	 224 	 231 	 ww
0 	 224 	 316 	 ww
0 	 225 	 226 	 ww
0 	 225 	 255 	 ww
0 	 226 	 236 	 ww
0 	 226 	 313 	 ww
0 	 227 	 269 	 wp
0 	 227 	 271 	 ww
0 	 227 	 295 	 ww
0 	 228 	 232 	 ww
0 	 228 	 234 	 ww
0 	 228 	 254 	 ww
0 	 229 	 277 	 ww
0 	 229 	 290 	 ww
0 	 229 	 314 	 ww
0 	 230 	 263 	 ww
0 	 231 	 278 	 ww
0 	 231 	 309 	 ww
0 	 231 	 317 	 ww
0 	 232 	 293 	 ww
0 	 232 	 303 	 ww
0 	 232 	 321 	 ww
0 	 233 	 282 	 ww
0 	 233 	 307 	 ww
0 	 233 	 318 	 ww
0 	 234 	 252 	 ww
0 	 234 	 318 	 ww
0 	 235 	 261 	 ww
0 	 235 	 279 	 ww
0 	 235 	 330 	 ww
0 	 236 	 264 	 ww
0 	 236 	 276 	 ww
0 	 236 	 327 	 ww
0 	 237 	 275 	 ww
0 	 237 	 294 	 ww
0 	 238 	 254 	 ww
0 	 239 	 269 	 wp
0 	 239 	 270 	 ww
0 	 239 	 301 	 ww
0 	 239 	 331 	 ww
0 	 240 	 242 	 ww
0 	 240 	 280 	 ww
0 	 240 	 326 	 ww
0 	 240 	 331 	 ww
0 	 241 	 248 	 ww
0 	 241 	 284 	 ww
0 	 241 	 285 	 ww
0 	 241 	 291 	 ww
0 	 242 	 248 	 ww
0 	 242 	 272 	 ww
0 	 243 	 256 	 ww
0 	 243 	 257 	 ww
0 	 244 	 327 	 ww
0 	 245 	 297 	 ww
0 	 245 	 311 	 ww
0 	 247 	 261 	 ww
0 	 247 	 268 	 ww
0 	 247 	 304 	 ww
0 	 248 	 274 	 ww
0 	 248 	 278 	 ww
0 	 249 	 254 	 ww
0 	 249 	 267 	 ww
0 	 249 	 283 	 ww
0 	 249 	 292 	 ww
0 	 250 	 257 	 ww
0 	 250 	 273 	 ww
0 	 250 	 310 	 ww
0 	 251 	 264 	 ww
0 	 251 	 276 	 ww
0 	 251 	 279 	 ww
0 	 252 	 305 	 ww
0 	 252 	 313 	 ww
0 	 253 	 277 	 ww
0 	 253 	 298 	 ww
0 	 254 	 302 	 ww
0 	 256 	 266 	 ww
0 	 256 	 273 	 ww
0 	 256 	 316 	 ww
0 	 258 	 275 	 ww
0 	 258 	 279 	 ww
0 	 259 	 265 	 ww
0 	 259 	 324 	 ww
0 	 260 	 292 	 ww
0 	 260 	 329 	 ww
0 	 261 	 272 	 ww
0 	 261 	 284 	 ww
0 	 262 	 282 	 ww
0 	 262 	 313 	 ww
0 	 262 	 329 	 ww
0 	 263 	 299 	 ww
0 	 263 	 303 	 ww
0 	 264 	 283 	 ww
0 	 265 	 280 	 ww
0 	 265 	 320 	 ww
0 	 266 	 330 	 ww
0 	 269 	 290 	 wp
0 	 269 	 311 	 wp
0 	 269 	 326 	 wp
0 	 273 	 298 	 ww
0 	 273 	 308 	 ww
0 	 274 	 308 	 ww
0 	 274 	 312 	 ww
0 	 274 	 317 	 ww
0 	 274 	 319 	 ww
0 	 275 	 280 	 ww
0 	 275 	 322 	 ww
0 	 276 	 307 	 ww
0 	 278 	 279 	 ww
0 	 278 	 283 	 ww
0 	 280 	 329 	 ww
0 	 281 	 287 	 ww
0 	 281 	 321 	 ww
0 	 282 	 319 	 ww
0 	 284 	 301 	 ww
0 	 284 	 320 	 ww
0 	 286 	 303 	 ww
0 	 286 	 319 	 ww
0 	 286 	 324 	 ww
0 	 287 	 317 	 ww
0 	 287 	 323 	 ww
0 	 288 	 303 	 ww
0 	 290 	 330 	 ww
0 	 291 	 325 	 ww
0 	 293 	 322 	 ww
0 	 295 	 324 	 ww
0 	 297 	 306 	 ww
0 	 297 	 319 	 ww
0 	 297 	 326 	 ww
0 	 299 	 315 	 ww
0 	 300 	 311 	 ww
0 	 300 	 324 	 ww
0 	 301 	 325 	 ww
0 	 306 	 308 	 ww
0 	 306 	 312 	 ww
0 	 308 	 310 	 ww
0 	 309 	 312 	 ww
0 	 312 	 328 	 ww
0 	 313 	 316 	 ww
0 	 314 	 322 	 ww
0 	 318 	 328 	 ww
0 	 320 	 331 	 ww
1 	 221 	 224 	 ww
1 	 221 	 243 	 ww
1 	 221 	 244 	 ww
1 	 221 	 289 	 ww
1 	 222 	 298 	 ww
1 	 224 	 231 	 ww
1 	 224 	 316 	 ww
1 	 225 	 226 	 ww
1 	 225 	 255 	 ww
1 	 226 	 236 	 ww
1 	 226 	 313 	 ww
1 	 227 	 269 	 wp
1 	 227 	 271 	 ww
1 	 227 	 295 	 ww
1 	 228 	 232 	 ww
1 	 228 	 234 	 ww
1 	 228 	 254 	 ww
1 	 229 	 277 	 ww
1 	 229 	 290 	 ww
1 	 229 	 314 	 ww
1 	 230 	 263 	 ww
1 	 231 	 278 	 ww
1 	 231 	 309 	 ww
1 	 231 	 317 	 ww
1 	 232 	 293 	 ww
1 	 232 	 303 	 ww
1 	 232 	 321 	 ww
1 	 233 	 282 	 ww
1 	 233 	 307 	 ww
1 	 233 	 318 	 ww
1 	 234 	 252 	 ww
1 	 234 	 318 	 ww
1 	 235 	 261 	 ww
1 	 235 	 279 	 ww
1 	 235 	 330 	 ww
1 	 236 	 264 	 ww
1 	 236 	 276 	 ww
1 	 236 	 327 	 ww
1 	 237 	 275 	 ww
1 	 237 	 294 	 ww
1 	 238 	 254 	 ww
1 	 239 	 269 	 wp
1 	 239 	 270 	 ww
1 	 239 	 301 	 ww
1 	 239 	 331 	 ww
1 	 240 	 242 	 ww
1 	 240 	 280 	 ww
1 	 240 	 326 	 ww
1 	 240 	 331 	 ww
1 	 241 	 248 	 ww
1 	 241 	 284 	 ww
1 	 241 	 285 	 ww
1 	 241 	 291 	 ww
1 	 242 	 248 	 ww
1 	 242 	 272 	 ww
1 	 243 	 256 	 ww
1 	 243 	 257 	 ww
1 	 244 	 327 	 ww
1 	 245 	 297 	 ww
1 	 245 	 311 	 ww
1 	 247 	 261 	 ww
1 	 247 	 268 	 ww
1 	 247 	 304 	 ww
1 	 248 	 274 	 ww
1 	 248 	 278 	 ww
1 	 249 	 254 	 ww
1 	 249 	 267 	 ww
1 	 249 	 283 	 ww
1 	 249 	 292 	 ww
1 	 250 	 257 	 ww
1 	 250 	 273 	 ww
1 	 250 	 310 	 ww
1 	 251 	 264 	 ww
1 	 251 	 276 	 ww
1 	 251 	 279 	 ww
1 	 252 	 305 	 ww
1 	 252 	 313 	 ww
1 	 253 	 277 	 ww
1 	 253 	 298 	 ww
1 	 254 	 302 	 ww
1 	 256 	 266 	 ww
1 	 256 	 273 	 ww
1 	 256 	 316 	 ww
1 	 258 	 275 	 ww
1 	 258 	 279 	 ww
1 	 259 	 265 	 ww
1 	 259 	 324 	 ww
1 	 260 	 292 	 ww
1 	 260 	 329 	 ww
1 	 261 	 272 	 ww
1 	 261 	 284 	 ww
1 	 262 	 282 	 ww
1 	 262 	 313 	 ww
1 	 262 	 329 	 ww
1 	 263 	 299 	 ww
1 	 263 	 303 	 ww
1 	 264 	 283 	 ww
1 	 265 	 280 	 ww
1 	 265 	 320 	 ww
1 	 266 	 330 	 ww
1 	 269 	 290 	 wp
1 	 269 	 311 	 wp
1 	 269 	 326 	 wp
1 	 273 	 298 	 ww
1 	 273 	 308 	 ww
1 	 274 	 308 	 ww
1 	 274 	 319 	 ww
1 	 275 	 280 	 ww
1 	 275 	 322 	 ww
1 	 276 	 307 	 ww
1 	 278 	 279 	 ww
1 	 278 	 283 	 ww
1 	 280 	 329 	 ww
1 	 281 	 287 	 ww
1 	 281 	 321 	 ww
1 	 282 	 319 	 ww
1 	 284 	 301 	 ww
1 	 284 	 320 	 ww
1 	 286 	 303 	 ww
1 	 286 	 319 	 ww
1 	 286 	 324 	 ww
1 	 287 	 317 	 ww
1 	 287 	 323 	 ww
1 	 288 	 303 	 ww
1 	 290 	 330 	 ww
1 	 291 	 325 	 ww
1 	 293 	 322 	 ww
1 	 295 	 324 	 ww
1 	 297 	 306 	 ww
1 	 297 	 319 	 ww
1 	 297 	 326 	 ww
1 	 299 	 315 	 ww
1 	 300 	 311 	 ww
1 	 300 	 324 	 ww
1 	 301 	 325 	 ww
1 	 306 	 308 	 ww
1 	 306 	 312 	 ww
1 	 308 	 310 	 ww
1 	 309 	 312 	 ww
1 	 312 	 328 	 ww
1 	 313 	 316 	 ww
1 	 314 	 322 	 ww
1 	 318 	 328 	 ww
1 	 320 	 331 	 ww
2 	 221 	 224 	 ww
2 	 221 	 243 	 ww
2 	 221 	 244 	 ww
2 	 221 	 289 	 ww
2 	 222 	 298 	 ww
2 	 224 	 231 	 ww
2 	 224 	 316 	 ww
2 	 225 	 226 	 ww
2 	 225 	 255 	 ww
2 	 226 	 236 	 ww
2 	 226 	 313 	 ww
2 	 227 	 269 	 wp
2 	 227 	 271 	 ww
2 	 227 	 295 	 ww
2 	 228 	 232 	 ww
2 	 228 	 234 	 ww
2 	 228 	 254 	 ww
2 	 229 	 277 	 ww
2 	 229 	 290 	 ww
2 	 229 	 314 	 ww
2 	 230 	 263 	 ww
2 	 231 	 278 	 ww
2 	 231 	 309 	 ww
2 	 231 	 317 	 ww
2 	 232 	 293 	 ww
2 	 232 	 303 	 ww
2 	 232 	 321 	 ww
2 	 233 	 282 	 ww
2 	 233 	 307 	 ww
2 	 233 	 318 	 ww
2 	 234 	 252 	 ww
2 	 234 	 318 	 ww
2 	 235 	 261 	 ww
2 	 235 	 279 	 ww
2 	 235 	 330 	 ww
2 	 236 	 264 	 ww
2 	 236 	 276 	 ww
2 	 236 	 327 	 ww
2 	 237 	 275 	 ww
2 	 237 	 294 	 ww
2 	 238 	 254 	 ww
2 	 239 	 269 	 wp
2 	 239 	 270 	 ww
2 	 239 	 301 	 ww
2 	 239 	 331 	 ww
2 	 240 	 242 	 ww
2 	 240 	 280 	 ww
2 	 240 	 326 	 ww
2 	 240 	 331 	 ww
2 	 241 	 248 	 ww
2 	 241 	 284 	 ww
2 	 241 	 285 	 ww
2 	 241 	 291 	 ww
2 	 242 	 248 	 ww
2 	 242 	 272 	 ww
2 	 243 	 256 	 ww
2 	 243 	 257 	 ww
2 	 244 	 327 	 ww
2 	 245 	 297 	 ww
2 	 245 	 311 	 ww
2 	 247 	 261 	 ww
2 	 247 	 268 	 ww
2 	 247 	 304 	 ww
2 	 248 	 274 	 ww
2 	 248 	 278 	 ww
2 	 249 	 254 	 ww
2 	 249 	 267 	 ww
2 	 249 	 283 	 ww
2 	 249 	 292 	 ww
2 	 250 	 257 	 ww
2 	 250 	 273 	 ww
2 	 250 	 310 	 ww
2 	 251 	 264 	 ww
2 	 251 	 276 	 ww
2 	 251 	 279 	 ww
2 	 252 	 305 	 ww
2 	 252 	 313 	 ww
2 	 253 	 277 	 ww
2 	 253 	 298 	 ww
2 	 254 	 302 	 ww
2 	 256 	 266 	 ww
2 	 256 	 273 	 ww
2 	 256 	 316 	 ww
2 	 258 	 275 	 ww
2 	 258 	 279 	 ww
2 	 259 	 265 	 ww
2 	 259 	 324 	 ww
2 	 260 	 292 	 ww
2 	 260 	 329 	 ww
2 	 261 	 272 	 ww
2 	 261 	 284 	 ww
2 	 262 	 282 	 ww
2 	 262 	 313 	 ww
2 	 262 	 329 	 ww
2 	 263 	 299 	 ww
2 	 263 	 303 	 ww
2 	 264 	 283 	 ww
2 	 265 	 280 	 ww
2 	 265 	 320 	 ww
2 	 266 	 330 	 ww
2 	 269 	 290 	 wp
2 	 269 	 311 	 wp
2 	 269 	 326 	 wp
2 	 273 	 298 	 ww
2 	 273 	 308 	 ww
2 	 274 	 308 	 ww
2 	 274 	 319 	 ww
2 	 275 	 280 	 ww
2 	 275 	 322 	 ww
2 	 276 	 307 	 ww
2 	 278 	 279 	 ww
2 	 278 	 283 	 ww
2 	 280 	 329 	 ww
2 	 281 	 287 	 ww
2 	 281 	 321 	 ww
2 	 282 	 319 	 ww
2 	 284 	 301 	 ww
2 	 284 	 320 	 ww
2 	 286 	 303 	 ww
2 	 286 	 319 	 ww
2 	 286 	 324 	 ww
2 	 287 	 317 	 ww
2 	 287 	 323 	 ww
2 	 288 	 303 	 ww
2 	 290 	 330 	 ww
2 	 291 	 325 	 ww
2 	 293 	 322 	 ww
2 	 295 	 324 	 ww
2 	 297 	 306 	 ww
2 	 297 	 319 	 ww
2 	 297 	 326 	 ww
2 	 299 	 315 	 ww
2 	 300 	 311 	 ww
2 	 300 	 324 	 ww
2 	 301 	 325 	 ww
2 	 306 	 308 	 ww
2 	 306 	 312 	 ww
2 	 308 	 310 	 ww
2 	 309 	 312 	 ww
2 	 312 	 328 	 ww
2 	 313 	 316 	 ww
2 	 314 	 322 	 ww
2 	 318 	 328 	 ww
2 	 320 	 331 	 ww
3 	 221 	 224 	 ww
3 	 221 	 243 	 ww
3 	 221 	 244 	 ww
3 	 221 	 289 	 ww
3 	 222 	 298 	 ww
3 	 224 	 231 	 ww
3 	 224 	 316 	 ww
3 	 225 	 226 	 ww
3 	 225 	 255 	 ww
3 	 226 	 236 	 ww
3 	 226 	 313 	 ww
3 	 227 	 269 	 wp
3 	 227 	 271 	 ww
3 	 227 	 295 	 ww
3 	 228 	 232 	 ww
3 	 228 	 234 	 ww
3 	 228 	 254 	 ww
3 	 229 	 277 	 ww
3 	 229 	 290 	 ww
3 	 229 	 314 	 ww
3 	 230 	 263 	 ww
3 	 231 	 278 	 ww
3 	 231 	 309 	 ww
3 	 231 	 317 	 ww
3 	 232 	 293 	 ww
3 	 232 	 303 	 ww
3 	 232 	 321 	 ww
3 	 233 	 282 	 ww
3 	 233 	 307 	 ww
3 	 233 	 318 	 ww
3 	 234 	 252 	 ww
3 	 234 	 318 	 ww
3 	 235 	 261 	 ww
3 	 235 	 279 	 ww
3 	 235 	 330 	 ww
3 	 236 	 264 	 ww
3 	 236 	 276 	 ww
3 	 236 	 327 	 ww
3 	 237 	 275 	 ww
3 	 237 	 294 	 ww
3 	 238 	 254 	 ww
3 	 239 	 269 	 wp
3 	 239 	 270 	 ww
3 	 239 	 301 	 ww
3 	 239 	 331 	 ww
3 	 240 	 242 	 ww
3 	 240 	 280 	 ww
3 	 240 	 326 	 ww
3 	 240 	 331 	 ww
3 	 241 	 248 	 ww
3 	 241 	 284 	 ww
3 	 241 	 285 	 ww
3 	 241 	 291 	 ww
3 	 242 	 248 	 ww
3 	 242 	 272 	 ww
3 	 243 	 256 	 ww
3 	 243 	 257 	 ww
3 	 244 	 327 	 ww
3 	 245 	 297 	 ww
3 	 245 	 311 	 ww
3 	 247 	 261 	 ww
3 	 247 	 268 	 ww
3 	 247 	 304 	 ww
3 	 248 	 274 	 ww
3 	 248 	 278 	 ww
3 	 249 	 254 	 ww
3 	 249 	 267 	 ww
3 	 249 	 283 	 ww
3 	 249 	 292 	 ww
3 	 250 	 257 	 ww
3 	 250 	 273 	 ww
3 	 250 	 310 	 ww
3 	 251 	 264 	 ww
3 	 251 	 276 	 ww
3 	 251 	 279 	 ww
3 	 252 	 305 	 ww
3 	 252 	 313 	 ww
3 	 253 	 277 	 ww
3 	 253 	 298 	 ww
3 	 254 	 302 	 ww
3 	 256 	 266 	 ww
3 	 256 	 273 	 ww
3 	 256 	 316 	 ww
3 	 258 	 275 	 ww
3 	 258 	 279 	 ww
3 	 259 	 265 	 ww
3 	 259 	 324 	 ww
3 	 260 	 272 	 ww
3 	 260 	 292 	 ww
3 	 260 	 329 	 ww
3 	 261 	 272 	 ww
3 	 261 	 284 	 ww
3 	 262 	 282 	 ww
3 	 262 	 313 	 ww
3 	 262 	 329 	 ww
3 	 263 	 299 	 ww
3 	 263 	 303 	 ww
3 	 264 	 283 	 ww
3 	 265 	 280 	 ww
3 	 265 	 320 	 ww
3 	 266 	 311 	 ww
3 	 266 	 330 	 ww
3 	 268 	 320 	 ww
3 	 269 	 290 	 wp
3 	 269 	 311 	 wp
3 	 269 	 326 	 wp
3 	 270 	 315 	 ww
3 	 273 	 298 	 ww
3 	 273 	 308 	 ww
3 	 274 	 308 	 ww
3 	 274 	 319 	 ww
3 	 275 	 280 	 ww
3 	 275 	 322 	 ww
3 	 276 	 307 	 ww
3 	 278 	 279 	 ww
3 	 278 	 283 	 ww
3 	 280 	 329 	 ww
3 	 281 	 287 	 ww
3 	 281 	 321 	 ww
3 	 282 	 319 	 ww
3 	 284 	 301 	 ww
3 	 284 	 320 	 ww
3 	 286 	 303 	 ww
3 	 286 	 319 	 ww
3 	 286 	 324 	 ww
3 	 287 	 317 	 ww
3 	 287 	 323 	 ww
3 	 288 	 303 	 ww
3 	 290 	 330 	 ww
3 	 291 	 325 	 ww
3 	 293 	 322 	 ww
3 	 295 	 324 	 ww
3 	 297 	 306 	 ww
3 	 297 	 319 	 ww
3 	 297 	 326 	 ww
3 	 299 	 315 	 ww
3 	 300 	 311 	 ww
3 	 300 	 324 	 ww
3 	 301 	 325 	 ww
3 	 306 	 308 	 ww
3 	 306 	 312 	 ww
3 	 308 	 310 	 ww
3 	 309 	 312 	 ww
3 	 312 	 328 	 ww
3 	 313 	 316 	 ww
3 	 314 	 322 	 ww
3 	 318 	 328 	 ww
3 	 320 	 331 	 ww
4 	 221 	 224 	 ww
4 	 221 	 243 	 ww
4 	 221 	 244 	 ww
4 	 221 	 289 	 ww
4 	 222 	 298 	 ww
4 	 224 	 231 	 ww
4 	 224 	 316 	 ww
4 	 225 	 226 	 ww
4 	 225 	 255 	 ww
4 	 226 	 236 	 ww
4 	 226 	 313 	 ww
4 	 227 	 269 	 wp
4 	 227 	 271 	 ww
4 	 227 	 295 	 ww
4 	 228 	 230 	 ww
4 	 228 	 232 	 ww
4 	 228 	 234 	 ww
4 	 228 	 254 	 ww
4 	 229 	 277 	 ww
4 	 229 	 290 	 ww
4 	 229 	 314 	 ww
4 	 230 	 263 	 ww
4 	 231 	 278 	 ww
4 	 231 	 309 	 ww
4 	 231 	 317 	 ww
4 	 232 	 293 	 ww
4 	 232 	 303 	 ww
4 	 232 	 321 	 ww
4 	 233 	 282 	 ww
4 	 233 	 307 	 ww
4 	 233 	 318 	 ww
4 	 234 	 252 	 ww
4 	 234 	 288 	 ww
4 	 234 	 318 	 ww
4 	 235 	 261 	 ww
4 	 235 	 279 	 ww
4 	 235 	 330 	 ww
4 	 236 	 264 	 ww
4 	 236 	 276 	 ww
4 	 236 	 327 	 ww
4 	 237 	 275 	 ww
4 	 237 	 294 	 ww
4 	 238 	 254 	 ww
4 	 239 	 269 	 wp
4 	 239 	 270 	 ww
4 	 239 	 301 	 ww
4 	 239 	 331 	 ww
4 	 240 	 242 	 ww
4 	 240 	 280 	 ww
4 	 240 	 326 	 ww
4 	 240 	 331 	 ww
4 	 241 	 248 	 ww
4 	 241 	 284 	 ww
4 	 241 	 285 	 ww
4 	 241 	 291 	 ww
4 	 242 	 248 	 ww
4 	 242 	 272 	 ww
4 	 243 	 256 	 ww
4 	 243 	 257 	 ww
4 	 244 	 327 	 ww
4 	 245 	 297 	 ww
4 	 245 	 311 	 ww
4 	 247 	 261 	 ww
4 	 247 	 268 	 ww
4 	 247 	 304 	 ww
4 	 248 	 274 	 ww
4 	 249 	 254 	 ww
4 	 249 	 267 	 ww
4 	 249 	 283 	 ww
4 	 249 	 292 	 ww
4 	 250 	 257 	 ww
4 	 250 	 273 	 ww
4 	 250 	 310 	 ww
4 	 251 	 264 	 ww
4 	 251 	 276 	 ww
4 	 251 	 279 	 ww
4 	 252 	 305 	 ww
4 	 252 	 313 	 ww
4 	 253 	 277 	 ww
4 	 253 	 298 	 ww
4 	 254 	 302 	 ww
4 	 256 	 266 	 ww
4 	 256 	 273 	 ww
4 	 256 	 316 	 ww
4 	 258 	 275 	 ww
4 	 258 	 279 	 ww
4 	 259 	 265 	 ww
4 	 259 	 324 	 ww
4 	 260 	 272 	 ww
4 	 260 	 292 	 ww
4 	 260 	 329 	 ww
4 	 261 	 272 	 ww
4 	 261 	 284 	 ww
4 	 262 	 282 	 ww
4 	 262 	 313 	 ww
4 	 262 	 329 	 ww
4 	 263 	 299 	 ww
4 	 263 	 303 	 ww
4 	 264 	 283 	 ww
4 	 265 	 280 	 ww
4 	 265 	 320 	 ww
4 	 266 	 311 	 ww
4 	 266 	 330 	 ww
4 	 268 	 320 	 ww
4 	 269 	 290 	 wp
4 	 269 	 311 	 wp
4 	 269 	 326 	 wp
4 	 270 	 315 	 ww
4 	 273 	 298 	 ww
4 	 273 	 308 	 ww
4 	 274 	 308 	 ww
4 	 274 	 319 	 ww
4 	 275 	 280 	 ww
4 	 275 	 322 	 ww
4 	 276 	 307 	 ww
4 	 278 	 279 	 ww
4 	 278 	 283 	 ww
4 	 280 	 329 	 ww
4 	 281 	 287 	 ww
4 	 281 	 321 	 ww
4 	 282 	 319 	 ww
4 	 284 	 301 	 ww
4 	 284 	 320 	 ww
4 	 286 	 303 	 ww
4 	 286 	 319 	 ww
4 	 286 	 324 	 ww
4 	 287 	 317 	 ww
4 	 287 	 323 	 ww
4 	 288 	 303 	 ww
4 	 290 	 330 	 ww
4 	 291 	 325 	 ww
4 	 293 	 322 	 ww
4 	 295 	 324 	 ww
4 	 297 	 306 	 ww
4 	 297 	 319 	 ww
4 	 297 	 326 	 ww
4 	 299 	 315 	 ww
4 	 300 	 311 	 ww
4 	 300 	 324 	 ww
4 	 301 	 325 	 ww
4 	 306 	 308 	 ww
4 	 306 	 312 	 ww
4 	 308 	 310 	 ww
4 	 309 	 312 	 ww
4 	 312 	 328 	 ww
4 	 313 	 316 	 ww
4 	 314 	 322 	 ww
4 	 318 	 328 	 ww
4 	 320 	 331 	 ww
5 	 221 	 224 	 ww
5 	 221 	 243 	 ww
5 	 221 	 244 	 ww
5 	 221 	 289 	 ww
5 	 222 	 298 	 ww
5 	 222 	 302 	 ww
5 	 224 	 231 	 ww
5 	 224 	 316 	 ww
5 	 225 	 226 	 ww
5 	 225 	 255 	 ww
5 	 226 	 236 	 ww
5 	 226 	 313 	 ww
5 	 227 	 269 	 wp
5 	 227 	 271 	 ww
5 	 227 	 295 	 ww
5 	 228 	 230 	 ww
5 	 228 	 232 	 ww
5 	 228 	 234 	 ww
5 	 228 	 254 	 ww
5 	 229 	 277 	 ww
5 	 229 	 290 	 ww
5 	 229 	 314 	 ww
5 	 230 	 263 	 ww
5 	 231 	 278 	 ww
5 	 231 	 309 	 ww
5 	 231 	 317 	 ww
5 	 232 	 293 	 ww
5 	 232 	 303 	 ww
5 	 232 	 321 	 ww
5 	 233 	 282 	 ww
5 	 233 	 307 	 ww
5 	 233 	 318 	 ww
5 	 234 	 252 	 ww
5 	 234 	 288 	 ww
5 	 234 	 318 	 ww
5 	 235 	 261 	 ww
5 	 235 	 279 	 ww
5 	 235 	 330 	 ww
5 	 236 	 264 	 ww
5 	 236 	 276 	 ww
5 	 236 	 327 	 ww
5 	 237 	 275 	 ww
5 	 237 	 294 	 ww
5 	 238 	 254 	 ww
5 	 239 	 269 	 wp
5 	 239 	 270 	 ww
5 	 239 	 301 	 ww
5 	 239 	 331 	 ww
5 	 240 	 242 	 ww
5 	 240 	 280 	 ww
5 	 240 	 326 	 ww
5 	 240 	 331 	 ww
5 	 241 	 248 	 ww
5 	 241 	 284 	 ww
5 	 241 	 285 	 ww
5 	 241 	 291 	 ww
5 	 242 	 248 	 ww
5 	 242 	 272 	 ww
5 	 243 	 256 	 ww
5 	 243 	 257 	 ww
5 	 244 	 327 	 ww
5 	 245 	 297 	 ww
5 	 245 	 311 	 ww
5 	 247 	 261 	 ww
5 	 247 	 268 	 ww
5 	 247 	 304 	 ww
5 	 248 	 274 	 ww
5 	 249 	 254 	 ww
5 	 249 	 267 	 ww
5 	 249 	 283 	 ww
5 	 249 	 292 	 ww
5 	 250 	 257 	 ww
5 	 250 	 273 	 ww
5 	 250 	 310 	 ww
5 	 251 	 264 	 ww
5 	 251 	 276 	 ww
5 	 251 	 279 	 ww
5 	 252 	 305 	 ww
5 	 252 	 313 	 ww
5 	 253 	 277 	 ww
5 	 253 	 298 	 ww
5 	 254 	 302 	 ww
5 	 256 	 266 	 ww
5 	 256 	 273 	 ww
5 	 256 	 316 	 ww
5 	 258 	 275 	 ww
5 	 258 	 279 	 ww
5 	 259 	 265 	 ww
5 	 259 	 324 	 ww
5 	 260 	 272 	 ww
5 	 260 	 292 	 ww
5 	 260 	 329 	 ww
5 	 261 	 272 	 ww
5 	 261 	 284 	 ww
5 	 262 	 282 	 ww
5 	 262 	 313 	 ww
5 	 262 	 329 	 ww
5 	 263 	 299 	 ww
5 	 263 	 303 	 ww
5 	 264 	 283 	 ww
5 	 265 	 280 	 ww
5 	 265 	 320 	 ww
5 	 266 	 311 	 ww
5 	 266 	 330 	 ww
5 	 268 	 320 	 ww
5 	 269 	 290 	 wp
5 	 269 	 311 	 wp
5 	 269 	 326 	 wp
5 	 270 	 315 	 ww
5 	 273 	 298 	 ww
5 	 273 	 308 	 ww
5 	 274 	 308 	 ww
5 	 274 	 319 	 ww
5 	 275 	 280 	 ww
5 	 275 	 322 	 ww
5 	 276 	 307 	 ww
5 	 278 	 279 	 ww
5 	 278 	 283 	 ww
5 	 280 	 329 	 ww
5 	 281 	 287 	 ww
5 	 281 	 321 	 ww
5 	 282 	 319 	 ww
5 	 284 	 301 	 ww
5 	 284 	 320 	 ww
5 	 286 	 303 	 ww
5 	 286 	 319 	 ww
5 	 286 	 324 	 ww
5 	 287 	 317 	 ww
5 	 287 	 323 	 ww
5 	 288 	 303 	 ww
5 	 290 	 330 	 ww
5 	 291 	 325 	 ww
5 	 293 	 322 	 ww
5 	 295 	 324 	 ww
5 	 297 	 306 	 ww
5 	 297 	 319 	 ww
5 	 297 	 326 	 ww
5 	 299 	 315 	 ww
5 	 300 	 311 	 ww
5 	 300 	 324 	 ww
5 	 301 	 325 	 ww
5 	 306 	 308 	 ww
5 	 306 	 312 	 ww
5 	 308 	 310 	 ww
5 	 309 	 312 	 ww
5 	 312 	 328 	 ww
5 	 313 	 316 	 ww
5 	 314 	 322 	 ww
5 	 318 	 328 	 ww
5 	 320 	 331 	 ww
6 	 221 	 224 	 ww
6 	 221 	 243 	 ww
6 	 221 	 244 	 ww
6 	 221 	 289 	 ww
6 	 222 	 298 	 ww
6 	 222 	 302 	 ww
6 	 224 	 231 	 ww
6 	 224 	 316 	 ww
6 	 225 	 226 	 ww
6 	 225 	 255 	 ww
6 	 226 	 236 	 ww
6 	 226 	 313 	 ww
6 	 227 	 269 	 wp
6 	 227 	 271 	 ww
6 	 227 	 295 	 ww
6 	 228 	 230 	 ww
6 	 228 	 232 	 ww
6 	 228 	 234 	 ww
6 	 228 	 254 	 ww
6 	 229 	 277 	 ww
6 	 229 	 290 	 ww
6 	 229 	 314 	 ww
6 	 230 	 263 	 ww
6 	 231 	 278 	 ww
6 	 231 	 309 	 ww
6 	 231 	 317 	 ww
6 	 232 	 293 	 ww
6 	 232 	 303 	 ww
6 	 232 	 321 	 ww
6 	 233 	 282 	 ww
6 	 233 	 307 	 ww
6 	 233 	 318 	 ww
6 	 234 	 252 	 ww
6 	 234 	 288 	 ww
6 	 234 	 318 	 ww
6 	 235 	 261 	 ww
6 	 235 	 279 	 ww
6 	 235 	 330 	 ww
6 	 236 	 264 	 ww
6 	 236 	 276 	 ww
6 	 236 	 327 	 ww
6 	 237 	 275 	 ww
6 	 237 	 294 	 ww
6 	 238 	 254 	 ww
6 	 239 	 269 	 wp
6 	 239 	 270 	 ww
6 	 239 	 301 	 ww
6 	 239 	 331 	 ww
6 	 240 	 242 	 ww
6 	 240 	 280 	 ww
6 	 240 	 326 	 ww
6 	 240 	 331 	 ww
6 	 241 	 248 	 ww
6 	 241 	 284 	 ww
6 	 241 	 285 	 ww
6 	 241 	 291 	 ww
6 	 242 	 248 	 ww
6 	 242 	 272 	 ww
6 	 243 	 256 	 ww
6 	 243 	 257 	 ww
6 	 244 	 327 	 ww
6 	 245 	 297 	 ww
6 	 245 	 311 	 ww
6 	 247 	 261 	 ww
6 	 247 	 268 	 ww
6 	 247 	 304 	 ww
6 	 248 	 274 	 ww
6 	 249 	 254 	 ww
6 	 249 	 267 	 ww
6 	 249 	 283 	 ww
6 	 249 	 292 	 ww
6 	 250 	 257 	 ww
6 	 250 	 273 	 ww
6 	 250 	 310 	 ww
6 	 251 	 264 	 ww
6 	 251 	 276 	 ww
6 	 251 	 279 	 ww
6 	 252 	 305 	 ww
6 	 252 	 313 	 ww
6 	 253 	 277 	 ww
6 	 253 	 298 	 ww
6 	 254 	 302 	 ww
6 	 256 	 266 	 ww
6 	 256 	 273 	 ww
6 	 256 	 316 	 ww
6 	 258 	 275 	 ww
6 	 258 	 279 	 ww
6 	 259 	 265 	 ww
6 	 259 	 324 	 ww
6 	 260 	 272 	 ww
6 	 260 	 292 	 ww
6 	 260 	 329 	 ww
6 	 261 	 272 	 ww
6 	 261 	 284 	 ww
6 	 262 	 282 	 ww
6 	 262 	 313 	 ww
6 	 262 	 329 	 ww
6 	 263 	 299 	 ww
6 	 263 	 303 	 ww
6 	 264 	 283 	 ww
6 	 265 	 280 	 ww
6 	 265 	 320 	 ww
6 	 266 	 311 	 ww
6 	 266 	 330 	 ww
6 	 268 	 320 	 ww
6 	 269 	 290 	 wp
6 	 269 	 311 	 wp
6 	 269 	 326 	 wp
6 	 270 	 315 	 ww
6 	 273 	 298 	 ww
6 	 273 	 308 	 ww
6 	 274 	 308 	 ww
6 	 274 	 319 	 ww
6 	 275 	 280 	 ww
6 	 275 	 322 	 ww
6 	 276 	 307 	 ww
6 	 278 	 279 	 ww
6 	 278 	 283 	 ww
6 	 280 	 329 	 ww
6 	 281 	 287 	 ww
6 	 281 	 321 	 ww
6 	 282 	 319 	 ww
6 	 284 	 301 	 ww
6 	 284 	 320 	 ww
6 	 286 	 303 	 ww
6 	 286 	 319 	 ww
6 	 286 	 324 	 ww
6 	 287 	 317 	 ww
6 	 287 	 323 	 ww
6 	 288 	 303 	 ww
6 	 290 	 330 	 ww
6 	 291 	 325 	 ww
6 	 293 	 322 	 ww
6 	 295 	 324 	 ww
6 	 297 	 306 	 ww
6 	 297 	 319 	 ww
6 	 297 	 326 	 ww
6 	 299 	 315 	 ww
6 	 300 	 311 	 ww
6 	 300 	 324 	 ww
6 	 301 	 325 	 ww
6 	 306 	 308 	 ww
6 	 306 	 312 	 ww
6 	 308 	 310 	 ww
6 	 309 	 312 	 ww
6 	 313 	 316 	 ww
6 	 314 	 322 	 ww
6 	 318 	 328 	 ww
6 	 320 	 331 	 ww
7 	 221 	 224 	 ww
7 	 221 	 243 	 ww
7 	 221 	 244 	 ww
7 	 221 	 289 	 ww
7 	 222 	 298 	 ww
7 	 222 	 302 	 ww
7 	 224 	 231 	 ww
7 	 224 	 316 	 ww
7 	 225 	 226 	 ww
7 	 225 	 255 	 ww
7 	 226 	 236 	 ww
7 	 226 	 313 	 ww
7 	 227 	 269 	 wp
7 	 227 	 271 	 ww
7 	 227 	 295 	 ww
7 	 228 	 230 	 ww
7 	 228 	 232 	 ww
7 	 228 	 234 	 ww
7 	 228 	 254 	 ww
7 	 229 	 277 	 ww
7 	 229 	 290 	 ww
7 	 229 	 314 	 ww
7 	 230 	 263 	 ww
7 	 231 	 278 	 ww
7 	 231 	 309 	 ww
7 	 231 	 317 	 ww
7 	 232 	 293 	 ww
7 	 232 	 303 	 ww
7 	 232 	 321 	 ww
7 	 233 	 282 	 ww
7 	 233 	 307 	 ww
7 	 233 	 318 	 ww
7 	 234 	 252 	 ww
7 	 234 	 288 	 ww
7 	 234 	 318 	 ww
7 	 235 	 261 	 ww
7 	 235 	 279 	 ww
7 	 235 	 330 	 ww
7 	 236 	 264 	 ww
7 	 236 	 276 	 ww
7 	 236 	 327 	 ww
7 	 237 	 275 	 ww
7 	 237 	 294 	 ww
7 	 238 	 254 	 ww
7 	 239 	 269 	 wp
7 	 239 	 270 	 ww
7 	 239 	 301 	 ww
7 	 239 	 331 	 ww
7 	 240 	 242 	 ww
7 	 240 	 280 	 ww
7 	 240 	 326 	 ww
7 	 240 	 331 	 ww
7 	 241 	 248 	 ww
7 	 241 	 284 	 ww
7 	 241 	 285 	 ww
7 	 241 	 291 	 ww
7 	 242 	 248 	 ww
7 	 242 	 272 	 ww
7 	 243 	 256 	 ww
7 	 243 	 257 	 ww
7 	 244 	 327 	 ww
7 	 245 	 297 	 ww
7 	 245 	 311 	 ww
7 	 247 	 261 	 ww
7 	 247 	 268 	 ww
7 	 247 	 304 	 ww
7 	 248 	 274 	 ww
7 	 249 	 254 	 ww
7 	 249 	 267 	 ww
7 	 249 	 283 	 ww
7 	 249 	 292 	 ww
7 	 250 	 257 	 ww
7 	 250 	 273 	 ww
7 	 250 	 310 	 ww
7 	 251 	 264 	 ww
7 	 251 	 276 	 ww
7 	 251 	 279 	 ww
7 	 252 	 305 	 ww
7 	 252 	 313 	 ww
7 	 253 	 277 	 ww
7 	 253 	 298 	 ww
7 	 254 	 302 	 ww
7 	 256 	 266 	 ww
7 	 256 	 273 	 ww
7 	 256 	 316 	 ww
7 	 258 	 275 	 ww
7 	 258 	 279 	 ww
7 	 259 	 265 	 ww
7 	 259 	 324 	 ww
7 	 260 	 272 	 ww
7 	 260 	 292 	 ww
7 	 260 	 329 	 ww
7 	 261 	 272 	 ww
7 	 261 	 284 	 ww
7 	 262 	 282 	 ww
7 	 262 	 313 	 ww
7 	 262 	 329 	 ww
7 	 263 	 299 	 ww
7 	 263 	 303 	 ww
7 	 264 	 283 	 ww
7 	 265 	 280 	 ww
7 	 265 	 320 	 ww
7 	 266 	 311 	 ww
7 	 266 	 330 	 ww
7 	 268 	 320 	 ww
7 	 269 	 290 	 wp
7 	 269 	 311 	 wp
7 	 269 	 326 	 wp
7 	 270 	 315 	 ww
7 	 273 	 298 	 ww
7 	 273 	 308 	 ww
7 	 274 	 308 	 ww
7 	 274 	 319 	 ww
7 	 275 	 280 	 ww
7 	 275 	 322 	 ww
7 	 276 	 307 	 ww
7 	 278 	 279 	 ww
7 	 278 	 283 	 ww
7 	 280 	 329 	 ww
7 	 281 	 287 	 ww
7 	 281 	 321 	 ww
7 	 282 	 319 	 ww
7 	 284 	 301 	 ww
7 	 284 	 320 	 ww
7 	 286 	 303 	 ww
7 	 286 	 319 	 ww
7 	 286 	 324 	 ww
7 	 287 	 317 	 ww
7 	 287 	 323 	 ww
7 	 288 	 303 	 ww
7 	 290 	 330 	 ww
7 	 291 	 325 	 ww
7 	 293 	 322 	 ww
7 	 295 	 324 	 ww
7 	 297 	 306 	 ww
7 	 297 	 319 	 ww
7 	 297 	 326 	 ww
7 	 299 	 315 	 ww
7 	 300 	 311 	 ww
7 	 300 	 324 	 ww
7 	 301 	 325 	 ww
7 	 306 	 308 	 ww
7 	 306 	 312 	 ww
7 	 308 	 310 	 ww
7 	 309 	 312 	 ww
7 	 313 	 316 	 ww
7 	 314 	 322 	 ww
7 	 318 	 328 	 ww
7 	 320 	 331 	 ww
8 	 221 	 224 	 ww
8 	 221 	 243 	 ww
8 	 221 	 244 	 ww
8 	 221 	 289 	 ww
8 	 222 	 298 	 ww
8 	 222 	 302 	 ww
8 	 224 	 231 	 ww
8 	 224 	 316 	 ww
8 	 225 	 226 	 ww
8 	 225 	 255 	 ww
8 	 226 	 236 	 ww
8 	 226 	 313 	 ww
8 	 227 	 269 	 wp
8 	 227 	 271 	 ww
8 	 227 	 295 	 ww
8 	 228 	 232 	 ww
8 	 228 	 254 	 ww
8 	 229 	 277 	 ww
8 	 229 	 290 	 ww
8 	 229 	 314 	 ww
8 	 230 	 263 	 ww
8 	 231 	 278 	 ww
8 	 231 	 309 	 ww
8 	 231 	 317 	 ww
8 	 232 	 293 	 ww
8 	 232 	 303 	 ww
8 	 232 	 321 	 ww
8 	 233 	 282 	 ww
8 	 233 	 307 	 ww
8 	 233 	 318 	 ww
8 	 234 	 252 	 ww
8 	 234 	 288 	 ww
8 	 234 	 318 	 ww
8 	 235 	 261 	 ww
8 	 235 	 279 	 ww
8 	 235 	 330 	 ww
8 	 236 	 264 	 ww
8 	 236 	 276 	 ww
8 	 236 	 327 	 ww
8 	 237 	 275 	 ww
8 	 237 	 294 	 ww
8 	 238 	 254 	 ww
8 	 239 	 269 	 wp
8 	 239 	 270 	 ww
8 	 239 	 301 	 ww
8 	 239 	 331 	 ww
8 	 240 	 242 	 ww
8 	 240 	 280 	 ww
8 	 240 	 326 	 ww
8 	 240 	 331 	 ww
8 	 241 	 248 	 ww
8 	 241 	 284 	 ww
8 	 241 	 285 	 ww
8 	 241 	 291 	 ww
8 	 242 	 248 	 ww
8 	 242 	 272 	 ww
8 	 243 	 256 	 ww
8 	 244 	 327 	 ww
8 	 245 	 297 	 ww
8 	 245 	 311 	 ww
8 	 247 	 261 	 ww
8 	 247 	 268 	 ww
8 	 247 	 304 	 ww
8 	 248 	 274 	 ww
8 	 249 	 254 	 ww
8 	 249 	 267 	 ww
8 	 249 	 283 	 ww
8 	 249 	 292 	 ww
8 	 250 	 257 	 ww
8 	 250 	 273 	 ww
8 	 250 	 310 	 ww
8 	 251 	 264 	 ww
8 	 251 	 276 	 ww
8 	 251 	 279 	 ww
8 	 252 	 305 	 ww
8 	 252 	 313 	 ww
8 	 253 	 277 	 ww
8 	 253 	 298 	 ww
8 	 254 	 302 	 ww
8 	 256 	 266 	 ww
8 	 256 	 273 	 ww
8 	 256 	 316 	 ww
8 	 258 	 275 	 ww
8 	 258 	 279 	 ww
8 	 259 	 265 	 ww
8 	 259 	 324 	 ww
8 	 260 	 272 	 ww
8 	 260 	 292 	 ww
8 	 260 	 329 	 ww
8 	 261 	 272 	 ww
8 	 261 	 284 	 ww
8 	 262 	 282 	 ww
8 	 262 	 313 	 ww
8 	 262 	 329 	 ww
8 	 263 	 299 	 ww
8 	 263 	 303 	 ww
8 	 264 	 283 	 ww
8 	 265 	 280 	 ww
8 	 265 	 320 	 ww
8 	 266 	 311 	 ww
8 	 266 	 330 	 ww
8 	 268 	 320 	 ww
8 	 269 	 290 	 wp
8 	 269 	 311 	 wp
8 	 269 	 326 	 wp
8 	 270 	 315 	 ww
8 	 273 	 298 	 ww
8 	 273 	 308 	 ww
8 	 274 	 308 	 ww
8 	 274 	 319 	 ww
8 	 275 	 280 	 ww
8 	 275 	 322 	 ww
8 	 276 	 307 	 ww
8 	 278 	 279 	 ww
8 	 278 	 283 	 ww
8 	 280 	 329 	 ww
8 	 281 	 287 	 ww
8 	 281 	 321 	 ww
8 	 282 	 319 	 ww
8 	 284 	 301 	 ww
8 	 284 	 320 	 ww
8 	 286 	 303 	 ww
8 	 286 	 319 	 ww
8 	 286 	 324 	 ww
8 	 287 	 317 	 ww
8 	 287 	 323 	 ww
8 	 288 	 303 	 ww
8 	 290 	 330 	 ww
8 	 291 	 325 	 ww
8 	 293 	 322 	 ww
8 	 295 	 324 	 ww
8 	 297 	 306 	 ww
8 	 297 	 319 	 ww
8 	 297 	 326 	 ww
8 	 299 	 315 	 ww
8 	 300 	 311 	 ww
8 	 300 	 324 	 ww
8 	 301 	 325 	 ww
8 	 306 	 308 	 ww
8 	 306 	 312 	 ww
8 	 308 	 310 	 ww
8 	 309 	 312 	 ww
8 	 313 	 316 	 ww
8 	 314 	 322 	 ww
8 	 318 	 328 	 ww
8 	 320 	 331 	 ww
9 	 221 	 224 	 ww
9 	 221 	 243 	 ww
9 	 221 	 244 	 ww
9 	 221 	 289 	 ww
9 	 222 	 298 	 ww
9 	 222 	 302 	 ww
9 	 224 	 231 	 ww
9 	 224 	 316 	 ww
9 	 225 	 226 	 ww
9 	 225 	 255 	 ww
9 	 226 	 236 	 ww
9 	 226 	 313 	 ww
9 	 227 	 269 	 wp
9 	 227 	 271 	 ww
9 	 227 	 295 	 ww
9 	 228 	 232 	 ww
9 	 228 	 254 	 ww
9 	 229 	 277 	 ww
9 	 229 	 290 	 ww
9 	 229 	 314 	 ww
9 	 230 	 263 	 ww
9 	 231 	 278 	 ww
9 	 231 	 309 	 ww
9 	 231 	 317 	 ww
9 	 232 	 293 	 ww
9 	 232 	 303 	 ww
9 	 232 	 321 	 ww
9 	 233 	 282 	 ww
9 	 233 	 307 	 ww
9 	 233 	 318 	 ww
9 	 234 	 288 	 ww
9 	 234 	 318 	 ww
9 	 235 	 261 	 ww
9 	 235 	 279 	 ww
9 	 235 	 330 	 ww
9 	 236 	 264 	 ww
9 	 236 	 276 	 ww
9 	 236 	 327 	 ww
9 	 237 	 275 	 ww
9 	 237 	 294 	 ww
9 	 238 	 254 	 ww
9 	 239 	 269 	 wp
9 	 239 	 270 	 ww
9 	 239 	 301 	 ww
9 	 239 	 331 	 ww
9 	 240 	 242 	 ww
9 	 240 	 280 	 ww
9 	 240 	 326 	 ww
9 	 240 	 331 	 ww
9 	 241 	 248 	 ww
9 	 241 	 284 	 ww
9 	 241 	 285 	 ww
9 	 241 	 291 	 ww
9 	 242 	 248 	 ww
9 	 242 	 272 	 ww
9 	 243 	 256 	 ww
9 	 244 	 327 	 ww
9 	 245 	 297 	 ww
9 	 245 	 311 	 ww
9 	 247 	 261 	 ww
9 	 247 	 268 	 ww
9 	 247 	 304 	 ww
9 	 248 	 274 	 ww
9 	 249 	 254 	 ww
9 	 249 	 267 	 ww
9 	 249 	 283 	 ww
9 	 249 	 292 	 ww
9 	 250 	 273 	 ww
9 	 250 	 310 	 ww
9 	 251 	 264 	 ww
9 	 251 	 276 	 ww
9 	 251 	 279 	 ww
9 	 252 	 305 	 ww
9 	 252 	 313 	 ww
9 	 253 	 277 	 ww
9 	 253 	 298 	 ww
9 	 254 	 302 	 ww
9 	 256 	 266 	 ww
9 	 256 	 273 	 ww
9 	 256 	 316 	 ww
9 	 258 	 275 	 ww
9 	 258 	 279 	 ww
9 	 259 	 265 	 ww
9 	 259 	 324 	 ww
9 	 260 	 272 	 ww
9 	 260 	 292 	 ww
9 	 260 	 329 	 ww
9 	 261 	 272 	 ww
9 	 261 	 284 	 ww
9 	 262 	 282 	 ww
9 	 262 	 313 	 ww
9 	 262 	 329 	 ww
9 	 263 	 299 	 ww
9 	 263 	 303 	 ww
9 	 264 	 283 	 ww
9 	 265 	 280 	 ww
9 	 265 	 320 	 ww
9 	 266 	 311 	 ww
9 	 266 	 330 	 ww
9 	 268 	 320 	 ww
9 	 269 	 290 	 wp
9 	 269 	 311 	 wp
9 	 269 	 326 	 wp
9 	 270 	 315 	 ww
9 	 273 	 298 	 ww
9 	 273 	 308 	 ww
9 	 274 	 308 	 ww
9 	 274 	 319 	 ww
9 	 275 	 280 	 ww
9 	 275 	 322 	 ww
9 	 276 	 307 	 ww
9 	 278 	 279 	 ww
9 	 278 	 283 	 ww
9 	 280 	 329 	 ww
9 	 281 	 287 	 ww
9 	 281 	 321 	 ww
9 	 282 	 319 	 ww
9 	 284 	 301 	 ww
9 	 284 	 320 	 ww
9 	 286 	 303 	 ww
9 	 286 	 319 	 ww
9 	 286 	 324 	 ww
9 	 287 	 317 	 ww
9 	 287 	 323 	 ww
9 	 288 	 303 	 ww
9 	 290 	 330 	 ww
9 	 291 	 325 	 ww
9 	 293 	 322 	 ww
9 	 295 	 324 	 ww
9 	 297 	 306 	 ww
9 	 297 	 319 	 ww
9 	 297 	 326 	 ww
9 	 299 	 315 	 ww
9 	 300 	 311 	 ww
9 	 300 	 324 	 ww
9 	 301 	 325 	 ww
9 	 306 	 308 	 ww
9 	 306 	 312 	 ww
9 	 308 	 310 	 ww
9 	 309 	 312 	 ww
9 	 313 	 316 	 ww
9 	 314 	 322 	 ww
9 	 318 	 328 	 ww
9 	 320 	 331 	 ww
