0 	 O1 	 221 	 2 
0 	 O2 	 222 	 2 
0 	 O3 	 223 	 2 
0 	 O4 	 224 	 2 
0 	 O5 	 225 	 2 
0 	 O6 	 226 	 2 
0 	 O7 	 227 	 2 
0 	 O8 	 228 	 2 
0 	 O9 	 229 	 2 
0 	 O10 	 230 	 2 
0 	 O11 	 231 	 2 
0 	 O12 	 232 	 2 
0 	 O13 	 233 	 2 
0 	 O14 	 234 	 2 
0 	 O15 	 235 	 2 
0 	 O16 	 236 	 2 
0 	 O17 	 237 	 2 
0 	 O18 	 238 	 2 
0 	 O19 	 239 	 2 
0 	 O20 	 240 	 2 
0 	 O21 	 241 	 2 
0 	 O22 	 242 	 2 
0 	 O23 	 243 	 2 
0 	 O24 	 244 	 2 
0 	 O25 	 245 	 2 
0 	 O26 	 246 	 2 
0 	 O27 	 247 	 2 
0 	 O28 	 248 	 2 
0 	 O29 	 249 	 2 
0 	 O30 	 250 	 2 
0 	 O31 	 251 	 2 
0 	 O32 	 252 	 2 
0 	 O33 	 253 	 2 
0 	 O34 	 254 	 2 
0 	 O35 	 255 	 2 
0 	 O36 	 256 	 2 
0 	 O37 	 257 	 2 
0 	 O38 	 258 	 2 
0 	 O39 	 259 	 2 
0 	 O40 	 260 	 2 
0 	 O41 	 261 	 2 
0 	 O42 	 262 	 2 
0 	 O43 	 263 	 2 
0 	 O44 	 264 	 2 
0 	 O45 	 265 	 2 
0 	 O46 	 266 	 2 
0 	 O47 	 267 	 2 
0 	 O48 	 268 	 2 
0 	 O49 	 269 	 1 
0 	 O50 	 270 	 2 
0 	 O51 	 271 	 2 
0 	 O52 	 272 	 2 
0 	 O53 	 273 	 2 
0 	 O54 	 274 	 2 
0 	 O55 	 275 	 2 
0 	 O56 	 276 	 2 
0 	 O57 	 277 	 2 
0 	 O58 	 278 	 2 
0 	 O59 	 279 	 2 
0 	 O60 	 280 	 2 
0 	 O61 	 281 	 2 
0 	 O62 	 282 	 2 
0 	 O63 	 283 	 2 
0 	 O64 	 284 	 2 
0 	 O65 	 285 	 2 
0 	 O66 	 286 	 2 
0 	 O67 	 287 	 2 
0 	 O68 	 288 	 2 
0 	 O69 	 289 	 2 
0 	 O70 	 290 	 2 
0 	 O71 	 291 	 2 
0 	 O72 	 292 	 2 
0 	 O73 	 293 	 2 
0 	 O74 	 294 	 2 
0 	 O75 	 295 	 2 
0 	 O76 	 296 	 2 
0 	 O77 	 297 	 2 
0 	 O78 	 298 	 2 
0 	 O79 	 299 	 2 
0 	 O80 	 300 	 2 
0 	 O81 	 301 	 2 
0 	 O82 	 302 	 2 
0 	 O83 	 303 	 2 
0 	 O84 	 304 	 2 
0 	 O85 	 305 	 2 
0 	 O86 	 306 	 2 
0 	 O87 	 307 	 2 
0 	 O88 	 308 	 2 
0 	 O89 	 309 	 2 
0 	 O90 	 310 	 2 
0 	 O91 	 311 	 2 
0 	 O92 	 312 	 2 
0 	 O93 	 313 	 2 
0 	 O94 	 314 	 2 
0 	 O95 	 315 	 2 
0 	 O96 	 316 	 2 
0 	 O97 	 317 	 2 
0 	 O98 	 318 	 2 
0 	 O99 	 319 	 2 
0 	 O100 	 320 	 2 
0 	 O101 	 321 	 2 
0 	 O102 	 322 	 2 
0 	 O103 	 323 	 2 
0 	 O104 	 324 	 2 
0 	 O105 	 325 	 2 
0 	 O106 	 326 	 2 
0 	 O107 	 327 	 2 
0 	 O108 	 328 	 2 
0 	 O109 	 329 	 2 
0 	 O110 	 330 	 2 
0 	 O111 	 331 	 2 
1 	 O1 	 221 	 2 
1 	 O2 	 222 	 2 
1 	 O3 	 223 	 2 
1 	 O4 	 224 	 2 
1 	 O5 	 225 	 2 
1 	 O6 	 226 	 2 
1 	 O7 	 227 	 2 
1 	 O8 	 228 	 2 
1 	 O9 	 229 	 2 
1 	 O10 	 230 	 2 
1 	 O11 	 231 	 2 
1 	 O12 	 232 	 2 
1 	 O13 	 233 	 2 
1 	 O14 	 234 	 2 
1 	 O15 	 235 	 2 
1 	 O16 	 236 	 2 
1 	 O17 	 237 	 2 
1 	 O18 	 238 	 2 
1 	 O19 	 239 	 2 
1 	 O20 	 240 	 2 
1 	 O21 	 241 	 2 
1 	 O22 	 242 	 2 
1 	 O23 	 243 	 2 
1 	 O24 	 244 	 2 
1 	 O25 	 245 	 2 
1 	 O26 	 246 	 2 
1 	 O27 	 247 	 2 
1 	 O28 	 248 	 2 
1 	 O29 	 249 	 2 
1 	 O30 	 250 	 2 
1 	 O31 	 251 	 2 
1 	 O32 	 252 	 2 
1 	 O33 	 253 	 2 
1 	 O34 	 254 	 2 
1 	 O35 	 255 	 2 
1 	 O36 	 256 	 2 
1 	 O37 	 257 	 2 
1 	 O38 	 258 	 2 
1 	 O39 	 259 	 2 
1 	 O40 	 260 	 2 
1 	 O41 	 261 	 2 
1 	 O42 	 262 	 2 
1 	 O43 	 263 	 2 
1 	 O44 	 264 	 2 
1 	 O45 	 265 	 2 
1 	 O46 	 266 	 2 
1 	 O47 	 267 	 2 
1 	 O48 	 268 	 2 
1 	 O49 	 269 	 1 
1 	 O50 	 270 	 2 
1 	 O51 	 271 	 2 
1 	 O52 	 272 	 2 
1 	 O53 	 273 	 2 
1 	 O54 	 274 	 2 
1 	 O55 	 275 	 2 
1 	 O56 	 276 	 2 
1 	 O57 	 277 	 2 
1 	 O58 	 278 	 2 
1 	 O59 	 279 	 2 
1 	 O60 	 280 	 2 
1 	 O61 	 281 	 2 
1 	 O62 	 282 	 2 
1 	 O63 	 283 	 2 
1 	 O64 	 284 	 2 
1 	 O65 	 285 	 2 
1 	 O66 	 286 	 2 
1 	 O67 	 287 	 2 
1 	 O68 	 288 	 2 
1 	 O69 	 289 	 2 
1 	 O70 	 290 	 2 
1 	 O71 	 291 	 2 
1 	 O72 	 292 	 2 
1 	 O73 	 293 	 2 
1 	 O74 	 294 	 2 
1 	 O75 	 295 	 2 
1 	 O76 	 296 	 2 
1 	 O77 	 297 	 2 
1 	 O78 	 298 	 2 
1 	 O79 	 299 	 2 
1 	 O80 	 300 	 2 
1 	 O81 	 301 	 2 
1 	 O82 	 302 	 2 
1 	 O83 	 303 	 2 
1 	 O84 	 304 	 2 
1 	 O85 	 305 	 2 
1 	 O86 	 306 	 2 
1 	 O87 	 307 	 2 
1 	 O88 	 308 	 2 
1 	 O89 	 309 	 2 
1 	 O90 	 310 	 2 
1 	 O91 	 311 	 2 
1 	 O92 	 312 	 2 
1 	 O93 	 313 	 2 
1 	 O94 	 314 	 2 
1 	 O95 	 315 	 2 
1 	 O96 	 316 	 2 
1 	 O97 	 317 	 2 
1 	 O98 	 318 	 2 
1 	 O99 	 319 	 2 
1 	 O100 	 320 	 2 
1 	 O101 	 321 	 2 
1 	 O102 	 322 	 2 
1 	 O103 	 323 	 2 
1 	 O104 	 324 	 2 
1 	 O105 	 325 	 2 
1 	 O106 	 326 	 2 
1 	 O107 	 327 	 2 
1 	 O108 	 328 	 2 
1 	 O109 	 329 	 2 
1 	 O110 	 330 	 2 
1 	 O111 	 331 	 2 
2 	 O1 	 221 	 2 
2 	 O2 	 222 	 2 
2 	 O3 	 223 	 2 
2 	 O4 	 224 	 2 
2 	 O5 	 225 	 2 
2 	 O6 	 226 	 2 
2 	 O7 	 227 	 2 
2 	 O8 	 228 	 2 
2 	 O9 	 229 	 2 
2 	 O10 	 230 	 2 
2 	 O11 	 231 	 2 
2 	 O12 	 232 	 2 
2 	 O13 	 233 	 2 
2 	 O14 	 234 	 2 
2 	 O15 	 235 	 2 
2 	 O16 	 236 	 2 
2 	 O17 	 237 	 2 
2 	 O18 	 238 	 2 
2 	 O19 	 239 	 2 
2 	 O20 	 240 	 2 
2 	 O21 	 241 	 2 
2 	 O22 	 242 	 2 
2 	 O23 	 243 	 2 
2 	 O24 	 244 	 2 
2 	 O25 	 245 	 2 
2 	 O26 	 246 	 2 
2 	 O27 	 247 	 2 
2 	 O28 	 248 	 2 
2 	 O29 	 249 	 2 
2 	 O30 	 250 	 2 
2 	 O31 	 251 	 2 
2 	 O32 	 252 	 2 
2 	 O33 	 253 	 2 
2 	 O34 	 254 	 2 
2 	 O35 	 255 	 2 
2 	 O36 	 256 	 2 
2 	 O37 	 257 	 2 
2 	 O38 	 258 	 2 
2 	 O39 	 259 	 2 
2 	 O40 	 260 	 2 
2 	 O41 	 261 	 2 
2 	 O42 	 262 	 2 
2 	 O43 	 263 	 2 
2 	 O44 	 264 	 2 
2 	 O45 	 265 	 2 
2 	 O46 	 266 	 2 
2 	 O47 	 267 	 2 
2 	 O48 	 268 	 2 
2 	 O49 	 269 	 1 
2 	 O50 	 270 	 2 
2 	 O51 	 271 	 2 
2 	 O52 	 272 	 2 
2 	 O53 	 273 	 2 
2 	 O54 	 274 	 2 
2 	 O55 	 275 	 2 
2 	 O56 	 276 	 2 
2 	 O57 	 277 	 2 
2 	 O58 	 278 	 2 
2 	 O59 	 279 	 2 
2 	 O60 	 280 	 2 
2 	 O61 	 281 	 2 
2 	 O62 	 282 	 2 
2 	 O63 	 283 	 2 
2 	 O64 	 284 	 2 
2 	 O65 	 285 	 2 
2 	 O66 	 286 	 2 
2 	 O67 	 287 	 2 
2 	 O68 	 288 	 2 
2 	 O69 	 289 	 2 
2 	 O70 	 290 	 2 
2 	 O71 	 291 	 2 
2 	 O72 	 292 	 2 
2 	 O73 	 293 	 2 
2 	 O74 	 294 	 2 
2 	 O75 	 295 	 2 
2 	 O76 	 296 	 2 
2 	 O77 	 297 	 2 
2 	 O78 	 298 	 2 
2 	 O79 	 299 	 2 
2 	 O80 	 300 	 2 
2 	 O81 	 301 	 2 
2 	 O82 	 302 	 2 
2 	 O83 	 303 	 2 
2 	 O84 	 304 	 2 
2 	 O85 	 305 	 2 
2 	 O86 	 306 	 2 
2 	 O87 	 307 	 2 
2 	 O88 	 308 	 2 
2 	 O89 	 309 	 2 
2 	 O90 	 310 	 2 
2 	 O91 	 311 	 2 
2 	 O92 	 312 	 2 
2 	 O93 	 313 	 2 
2 	 O94 	 314 	 2 
2 	 O95 	 315 	 2 
2 	 O96 	 316 	 2 
2 	 O97 	 317 	 2 
2 	 O98 	 318 	 2 
2 	 O99 	 319 	 2 
2 	 O100 	 320 	 2 
2 	 O101 	 321 	 2 
2 	 O102 	 322 	 2 
2 	 O103 	 323 	 2 
2 	 O104 	 324 	 2 
2 	 O105 	 325 	 2 
2 	 O106 	 326 	 2 
2 	 O107 	 327 	 2 
2 	 O108 	 328 	 2 
2 	 O109 	 329 	 2 
2 	 O110 	 330 	 2 
2 	 O111 	 331 	 2 
3 	 O1 	 221 	 2 
3 	 O2 	 222 	 2 
3 	 O3 	 223 	 2 
3 	 O4 	 224 	 2 
3 	 O5 	 225 	 2 
3 	 O6 	 226 	 2 
3 	 O7 	 227 	 2 
3 	 O8 	 228 	 2 
3 	 O9 	 229 	 2 
3 	 O10 	 230 	 2 
3 	 O11 	 231 	 2 
3 	 O12 	 232 	 2 
3 	 O13 	 233 	 2 
3 	 O14 	 234 	 2 
3 	 O15 	 235 	 2 
3 	 O16 	 236 	 2 
3 	 O17 	 237 	 2 
3 	 O18 	 238 	 2 
3 	 O19 	 239 	 2 
3 	 O20 	 240 	 2 
3 	 O21 	 241 	 2 
3 	 O22 	 242 	 2 
3 	 O23 	 243 	 2 
3 	 O24 	 244 	 2 
3 	 O25 	 245 	 2 
3 	 O26 	 246 	 2 
3 	 O27 	 247 	 2 
3 	 O28 	 248 	 2 
3 	 O29 	 249 	 2 
3 	 O30 	 250 	 2 
3 	 O31 	 251 	 2 
3 	 O32 	 252 	 2 
3 	 O33 	 253 	 2 
3 	 O34 	 254 	 2 
3 	 O35 	 255 	 2 
3 	 O36 	 256 	 2 
3 	 O37 	 257 	 2 
3 	 O38 	 258 	 2 
3 	 O39 	 259 	 2 
3 	 O40 	 260 	 2 
3 	 O41 	 261 	 2 
3 	 O42 	 262 	 2 
3 	 O43 	 263 	 2 
3 	 O44 	 264 	 2 
3 	 O45 	 265 	 2 
3 	 O46 	 266 	 2 
3 	 O47 	 267 	 2 
3 	 O48 	 268 	 2 
3 	 O49 	 269 	 1 
3 	 O50 	 270 	 2 
3 	 O51 	 271 	 2 
3 	 O52 	 272 	 2 
3 	 O53 	 273 	 2 
3 	 O54 	 274 	 2 
3 	 O55 	 275 	 2 
3 	 O56 	 276 	 2 
3 	 O57 	 277 	 2 
3 	 O58 	 278 	 2 
3 	 O59 	 279 	 2 
3 	 O60 	 280 	 2 
3 	 O61 	 281 	 2 
3 	 O62 	 282 	 2 
3 	 O63 	 283 	 2 
3 	 O64 	 284 	 2 
3 	 O65 	 285 	 2 
3 	 O66 	 286 	 2 
3 	 O67 	 287 	 2 
3 	 O68 	 288 	 2 
3 	 O69 	 289 	 2 
3 	 O70 	 290 	 2 
3 	 O71 	 291 	 2 
3 	 O72 	 292 	 2 
3 	 O73 	 293 	 2 
3 	 O74 	 294 	 2 
3 	 O75 	 295 	 2 
3 	 O76 	 296 	 2 
3 	 O77 	 297 	 2 
3 	 O78 	 298 	 2 
3 	 O79 	 299 	 2 
3 	 O80 	 300 	 2 
3 	 O81 	 301 	 2 
3 	 O82 	 302 	 2 
3 	 O83 	 303 	 2 
3 	 O84 	 304 	 2 
3 	 O85 	 305 	 2 
3 	 O86 	 306 	 2 
3 	 O87 	 307 	 2 
3 	 O88 	 308 	 2 
3 	 O89 	 309 	 2 
3 	 O90 	 310 	 2 
3 	 O91 	 311 	 2 
3 	 O92 	 312 	 2 
3 	 O93 	 313 	 2 
3 	 O94 	 314 	 2 
3 	 O95 	 315 	 2 
3 	 O96 	 316 	 2 
3 	 O97 	 317 	 2 
3 	 O98 	 318 	 2 
3 	 O99 	 319 	 2 
3 	 O100 	 320 	 2 
3 	 O101 	 321 	 2 
3 	 O102 	 322 	 2 
3 	 O103 	 323 	 2 
3 	 O104 	 324 	 2 
3 	 O105 	 325 	 2 
3 	 O106 	 326 	 2 
3 	 O107 	 327 	 2 
3 	 O108 	 328 	 2 
3 	 O109 	 329 	 2 
3 	 O110 	 330 	 2 
3 	 O111 	 331 	 2 
4 	 O1 	 221 	 2 
4 	 O2 	 222 	 2 
4 	 O3 	 223 	 2 
4 	 O4 	 224 	 2 
4 	 O5 	 225 	 2 
4 	 O6 	 226 	 2 
4 	 O7 	 227 	 2 
4 	 O8 	 228 	 2 
4 	 O9 	 229 	 2 
4 	 O10 	 230 	 2 
4 	 O11 	 231 	 2 
4 	 O12 	 232 	 2 
4 	 O13 	 233 	 2 
4 	 O14 	 234 	 2 
4 	 O15 	 235 	 2 
4 	 O16 	 236 	 2 
4 	 O17 	 237 	 2 
4 	 O18 	 238 	 2 
4 	 O19 	 239 	 2 
4 	 O20 	 240 	 2 
4 	 O21 	 241 	 2 
4 	 O22 	 242 	 2 
4 	 O23 	 243 	 2 
4 	 O24 	 244 	 2 
4 	 O25 	 245 	 2 
4 	 O26 	 246 	 2 
4 	 O27 	 247 	 2 
4 	 O28 	 248 	 2 
4 	 O29 	 249 	 2 
4 	 O30 	 250 	 2 
4 	 O31 	 251 	 2 
4 	 O32 	 252 	 2 
4 	 O33 	 253 	 2 
4 	 O34 	 254 	 2 
4 	 O35 	 255 	 2 
4 	 O36 	 256 	 2 
4 	 O37 	 257 	 2 
4 	 O38 	 258 	 2 
4 	 O39 	 259 	 2 
4 	 O40 	 260 	 2 
4 	 O41 	 261 	 2 
4 	 O42 	 262 	 2 
4 	 O43 	 263 	 2 
4 	 O44 	 264 	 2 
4 	 O45 	 265 	 2 
4 	 O46 	 266 	 2 
4 	 O47 	 267 	 2 
4 	 O48 	 268 	 2 
4 	 O49 	 269 	 1 
4 	 O50 	 270 	 2 
4 	 O51 	 271 	 2 
4 	 O52 	 272 	 2 
4 	 O53 	 273 	 2 
4 	 O54 	 274 	 2 
4 	 O55 	 275 	 2 
4 	 O56 	 276 	 2 
4 	 O57 	 277 	 2 
4 	 O58 	 278 	 2 
4 	 O59 	 279 	 2 
4 	 O60 	 280 	 2 
4 	 O61 	 281 	 2 
4 	 O62 	 282 	 2 
4 	 O63 	 283 	 2 
4 	 O64 	 284 	 2 
4 	 O65 	 285 	 2 
4 	 O66 	 286 	 2 
4 	 O67 	 287 	 2 
4 	 O68 	 288 	 2 
4 	 O69 	 289 	 2 
4 	 O70 	 290 	 2 
4 	 O71 	 291 	 2 
4 	 O72 	 292 	 2 
4 	 O73 	 293 	 2 
4 	 O74 	 294 	 2 
4 	 O75 	 295 	 2 
4 	 O76 	 296 	 2 
4 	 O77 	 297 	 2 
4 	 O78 	 298 	 2 
4 	 O79 	 299 	 2 
4 	 O80 	 300 	 2 
4 	 O81 	 301 	 2 
4 	 O82 	 302 	 2 
4 	 O83 	 303 	 2 
4 	 O84 	 304 	 2 
4 	 O85 	 305 	 2 
4 	 O86 	 306 	 2 
4 	 O87 	 307 	 2 
4 	 O88 	 308 	 2 
4 	 O89 	 309 	 2 
4 	 O90 	 310 	 2 
4 	 O91 	 311 	 2 
4 	 O92 	 312 	 2 
4 	 O93 	 313 	 2 
4 	 O94 	 314 	 2 
4 	 O95 	 315 	 2 
4 	 O96 	 316 	 2 
4 	 O97 	 317 	 2 
4 	 O98 	 318 	 2 
4 	 O99 	 319 	 2 
4 	 O100 	 320 	 2 
4 	 O101 	 321 	 2 
4 	 O102 	 322 	 2 
4 	 O103 	 323 	 2 
4 	 O104 	 324 	 2 
4 	 O105 	 325 	 2 
4 	 O106 	 326 	 2 
4 	 O107 	 327 	 2 
4 	 O108 	 328 	 2 
4 	 O109 	 329 	 2 
4 	 O110 	 330 	 2 
4 	 O111 	 331 	 2 
5 	 O1 	 221 	 2 
5 	 O2 	 222 	 2 
5 	 O3 	 223 	 2 
5 	 O4 	 224 	 2 
5 	 O5 	 225 	 2 
5 	 O6 	 226 	 2 
5 	 O7 	 227 	 2 
5 	 O8 	 228 	 2 
5 	 O9 	 229 	 2 
5 	 O10 	 230 	 2 
5 	 O11 	 231 	 2 
5 	 O12 	 232 	 2 
5 	 O13 	 233 	 2 
5 	 O14 	 234 	 2 
5 	 O15 	 235 	 2 
5 	 O16 	 236 	 2 
5 	 O17 	 237 	 2 
5 	 O18 	 238 	 2 
5 	 O19 	 239 	 2 
5 	 O20 	 240 	 2 
5 	 O21 	 241 	 2 
5 	 O22 	 242 	 2 
5 	 O23 	 243 	 2 
5 	 O24 	 244 	 2 
5 	 O25 	 245 	 2 
5 	 O26 	 246 	 2 
5 	 O27 	 247 	 2 
5 	 O28 	 248 	 2 
5 	 O29 	 249 	 2 
5 	 O30 	 250 	 2 
5 	 O31 	 251 	 2 
5 	 O32 	 252 	 2 
5 	 O33 	 253 	 2 
5 	 O34 	 254 	 2 
5 	 O35 	 255 	 2 
5 	 O36 	 256 	 2 
5 	 O37 	 257 	 2 
5 	 O38 	 258 	 2 
5 	 O39 	 259 	 2 
5 	 O40 	 260 	 2 
5 	 O41 	 261 	 2 
5 	 O42 	 262 	 2 
5 	 O43 	 263 	 2 
5 	 O44 	 264 	 2 
5 	 O45 	 265 	 2 
5 	 O46 	 266 	 2 
5 	 O47 	 267 	 2 
5 	 O48 	 268 	 2 
5 	 O49 	 269 	 1 
5 	 O50 	 270 	 2 
5 	 O51 	 271 	 2 
5 	 O52 	 272 	 2 
5 	 O53 	 273 	 2 
5 	 O54 	 274 	 2 
5 	 O55 	 275 	 2 
5 	 O56 	 276 	 2 
5 	 O57 	 277 	 2 
5 	 O58 	 278 	 2 
5 	 O59 	 279 	 2 
5 	 O60 	 280 	 2 
5 	 O61 	 281 	 2 
5 	 O62 	 282 	 2 
5 	 O63 	 283 	 2 
5 	 O64 	 284 	 2 
5 	 O65 	 285 	 2 
5 	 O66 	 286 	 2 
5 	 O67 	 287 	 2 
5 	 O68 	 288 	 2 
5 	 O69 	 289 	 2 
5 	 O70 	 290 	 2 
5 	 O71 	 291 	 2 
5 	 O72 	 292 	 2 
5 	 O73 	 293 	 2 
5 	 O74 	 294 	 2 
5 	 O75 	 295 	 2 
5 	 O76 	 296 	 2 
5 	 O77 	 297 	 2 
5 	 O78 	 298 	 2 
5 	 O79 	 299 	 2 
5 	 O80 	 300 	 2 
5 	 O81 	 301 	 2 
5 	 O82 	 302 	 2 
5 	 O83 	 303 	 2 
5 	 O84 	 304 	 2 
5 	 O85 	 305 	 2 
5 	 O86 	 306 	 2 
5 	 O87 	 307 	 2 
5 	 O88 	 308 	 2 
5 	 O89 	 309 	 2 
5 	 O90 	 310 	 2 
5 	 O91 	 311 	 2 
5 	 O92 	 312 	 2 
5 	 O93 	 313 	 2 
5 	 O94 	 314 	 2 
5 	 O95 	 315 	 2 
5 	 O96 	 316 	 2 
5 	 O97 	 317 	 2 
5 	 O98 	 318 	 2 
5 	 O99 	 319 	 2 
5 	 O100 	 320 	 2 
5 	 O101 	 321 	 2 
5 	 O102 	 322 	 2 
5 	 O103 	 323 	 2 
5 	 O104 	 324 	 2 
5 	 O105 	 325 	 2 
5 	 O106 	 326 	 2 
5 	 O107 	 327 	 2 
5 	 O108 	 328 	 2 
5 	 O109 	 329 	 2 
5 	 O110 	 330 	 2 
5 	 O111 	 331 	 2 
6 	 O1 	 221 	 2 
6 	 O2 	 222 	 2 
6 	 O3 	 223 	 2 
6 	 O4 	 224 	 2 
6 	 O5 	 225 	 2 
6 	 O6 	 226 	 2 
6 	 O7 	 227 	 2 
6 	 O8 	 228 	 2 
6 	 O9 	 229 	 2 
6 	 O10 	 230 	 2 
6 	 O11 	 231 	 2 
6 	 O12 	 232 	 2 
6 	 O13 	 233 	 2 
6 	 O14 	 234 	 2 
6 	 O15 	 235 	 2 
6 	 O16 	 236 	 2 
6 	 O17 	 237 	 2 
6 	 O18 	 238 	 2 
6 	 O19 	 239 	 2 
6 	 O20 	 240 	 2 
6 	 O21 	 241 	 2 
6 	 O22 	 242 	 2 
6 	 O23 	 243 	 2 
6 	 O24 	 244 	 2 
6 	 O25 	 245 	 2 
6 	 O26 	 246 	 2 
6 	 O27 	 247 	 2 
6 	 O28 	 248 	 2 
6 	 O29 	 249 	 2 
6 	 O30 	 250 	 2 
6 	 O31 	 251 	 2 
6 	 O32 	 252 	 2 
6 	 O33 	 253 	 2 
6 	 O34 	 254 	 2 
6 	 O35 	 255 	 2 
6 	 O36 	 256 	 2 
6 	 O37 	 257 	 2 
6 	 O38 	 258 	 2 
6 	 O39 	 259 	 2 
6 	 O40 	 260 	 2 
6 	 O41 	 261 	 2 
6 	 O42 	 262 	 2 
6 	 O43 	 263 	 2 
6 	 O44 	 264 	 2 
6 	 O45 	 265 	 2 
6 	 O46 	 266 	 2 
6 	 O47 	 267 	 2 
6 	 O48 	 268 	 2 
6 	 O49 	 269 	 1 
6 	 O50 	 270 	 2 
6 	 O51 	 271 	 2 
6 	 O52 	 272 	 2 
6 	 O53 	 273 	 2 
6 	 O54 	 274 	 2 
6 	 O55 	 275 	 2 
6 	 O56 	 276 	 2 
6 	 O57 	 277 	 2 
6 	 O58 	 278 	 2 
6 	 O59 	 279 	 2 
6 	 O60 	 280 	 2 
6 	 O61 	 281 	 2 
6 	 O62 	 282 	 2 
6 	 O63 	 283 	 2 
6 	 O64 	 284 	 2 
6 	 O65 	 285 	 2 
6 	 O66 	 286 	 2 
6 	 O67 	 287 	 2 
6 	 O68 	 288 	 2 
6 	 O69 	 289 	 2 
6 	 O70 	 290 	 2 
6 	 O71 	 291 	 2 
6 	 O72 	 292 	 2 
6 	 O73 	 293 	 2 
6 	 O74 	 294 	 2 
6 	 O75 	 295 	 2 
6 	 O76 	 296 	 2 
6 	 O77 	 297 	 2 
6 	 O78 	 298 	 2 
6 	 O79 	 299 	 2 
6 	 O80 	 300 	 2 
6 	 O81 	 301 	 2 
6 	 O82 	 302 	 2 
6 	 O83 	 303 	 2 
6 	 O84 	 304 	 2 
6 	 O85 	 305 	 2 
6 	 O86 	 306 	 2 
6 	 O87 	 307 	 2 
6 	 O88 	 308 	 2 
6 	 O89 	 309 	 2 
6 	 O90 	 310 	 2 
6 	 O91 	 311 	 2 
6 	 O92 	 312 	 2 
6 	 O93 	 313 	 2 
6 	 O94 	 314 	 2 
6 	 O95 	 315 	 2 
6 	 O96 	 316 	 2 
6 	 O97 	 317 	 2 
6 	 O98 	 318 	 2 
6 	 O99 	 319 	 2 
6 	 O100 	 320 	 2 
6 	 O101 	 321 	 2 
6 	 O102 	 322 	 2 
6 	 O103 	 323 	 2 
6 	 O104 	 324 	 2 
6 	 O105 	 325 	 2 
6 	 O106 	 326 	 2 
6 	 O107 	 327 	 2 
6 	 O108 	 328 	 2 
6 	 O109 	 329 	 2 
6 	 O110 	 330 	 2 
6 	 O111 	 331 	 2 
7 	 O1 	 221 	 2 
7 	 O2 	 222 	 2 
7 	 O3 	 223 	 2 
7 	 O4 	 224 	 2 
7 	 O5 	 225 	 2 
7 	 O6 	 226 	 2 
7 	 O7 	 227 	 2 
7 	 O8 	 228 	 2 
7 	 O9 	 229 	 2 
7 	 O10 	 230 	 2 
7 	 O11 	 231 	 2 
7 	 O12 	 232 	 2 
7 	 O13 	 233 	 2 
7 	 O14 	 234 	 2 
7 	 O15 	 235 	 2 
7 	 O16 	 236 	 2 
7 	 O17 	 237 	 2 
7 	 O18 	 238 	 2 
7 	 O19 	 239 	 2 
7 	 O20 	 240 	 2 
7 	 O21 	 241 	 2 
7 	 O22 	 242 	 2 
7 	 O23 	 243 	 2 
7 	 O24 	 244 	 2 
7 	 O25 	 245 	 2 
7 	 O26 	 246 	 2 
7 	 O27 	 247 	 2 
7 	 O28 	 248 	 2 
7 	 O29 	 249 	 2 
7 	 O30 	 250 	 2 
7 	 O31 	 251 	 2 
7 	 O32 	 252 	 2 
7 	 O33 	 253 	 2 
7 	 O34 	 254 	 2 
7 	 O35 	 255 	 2 
7 	 O36 	 256 	 2 
7 	 O37 	 257 	 2 
7 	 O38 	 258 	 2 
7 	 O39 	 259 	 2 
7 	 O40 	 260 	 2 
7 	 O41 	 261 	 2 
7 	 O42 	 262 	 2 
7 	 O43 	 263 	 2 
7 	 O44 	 264 	 2 
7 	 O45 	 265 	 2 
7 	 O46 	 266 	 2 
7 	 O47 	 267 	 2 
7 	 O48 	 268 	 2 
7 	 O49 	 269 	 1 
7 	 O50 	 270 	 2 
7 	 O51 	 271 	 2 
7 	 O52 	 272 	 2 
7 	 O53 	 273 	 2 
7 	 O54 	 274 	 2 
7 	 O55 	 275 	 2 
7 	 O56 	 276 	 2 
7 	 O57 	 277 	 2 
7 	 O58 	 278 	 2 
7 	 O59 	 279 	 2 
7 	 O60 	 280 	 2 
7 	 O61 	 281 	 2 
7 	 O62 	 282 	 2 
7 	 O63 	 283 	 2 
7 	 O64 	 284 	 2 
7 	 O65 	 285 	 2 
7 	 O66 	 286 	 2 
7 	 O67 	 287 	 2 
7 	 O68 	 288 	 2 
7 	 O69 	 289 	 2 
7 	 O70 	 290 	 2 
7 	 O71 	 291 	 2 
7 	 O72 	 292 	 2 
7 	 O73 	 293 	 2 
7 	 O74 	 294 	 2 
7 	 O75 	 295 	 2 
7 	 O76 	 296 	 2 
7 	 O77 	 297 	 2 
7 	 O78 	 298 	 2 
7 	 O79 	 299 	 2 
7 	 O80 	 300 	 2 
7 	 O81 	 301 	 2 
7 	 O82 	 302 	 2 
7 	 O83 	 303 	 2 
7 	 O84 	 304 	 2 
7 	 O85 	 305 	 2 
7 	 O86 	 306 	 2 
7 	 O87 	 307 	 2 
7 	 O88 	 308 	 2 
7 	 O89 	 309 	 2 
7 	 O90 	 310 	 2 
7 	 O91 	 311 	 2 
7 	 O92 	 312 	 2 
7 	 O93 	 313 	 2 
7 	 O94 	 314 	 2 
7 	 O95 	 315 	 2 
7 	 O96 	 316 	 2 
7 	 O97 	 317 	 2 
7 	 O98 	 318 	 2 
7 	 O99 	 319 	 2 
7 	 O100 	 320 	 2 
7 	 O101 	 321 	 2 
7 	 O102 	 322 	 2 
7 	 O103 	 323 	 2 
7 	 O104 	 324 	 2 
7 	 O105 	 325 	 2 
7 	 O106 	 326 	 2 
7 	 O107 	 327 	 2 
7 	 O108 	 328 	 2 
7 	 O109 	 329 	 2 
7 	 O110 	 330 	 2 
7 	 O111 	 331 	 2 
8 	 O1 	 221 	 2 
8 	 O2 	 222 	 2 
8 	 O3 	 223 	 2 
8 	 O4 	 224 	 2 
8 	 O5 	 225 	 2 
8 	 O6 	 226 	 2 
8 	 O7 	 227 	 2 
8 	 O8 	 228 	 2 
8 	 O9 	 229 	 2 
8 	 O10 	 230 	 2 
8 	 O11 	 231 	 2 
8 	 O12 	 232 	 2 
8 	 O13 	 233 	 2 
8 	 O14 	 234 	 2 
8 	 O15 	 235 	 2 
8 	 O16 	 236 	 2 
8 	 O17 	 237 	 2 
8 	 O18 	 238 	 2 
8 	 O19 	 239 	 2 
8 	 O20 	 240 	 2 
8 	 O21 	 241 	 2 
8 	 O22 	 242 	 2 
8 	 O23 	 243 	 2 
8 	 O24 	 244 	 2 
8 	 O25 	 245 	 2 
8 	 O26 	 246 	 2 
8 	 O27 	 247 	 2 
8 	 O28 	 248 	 2 
8 	 O29 	 249 	 2 
8 	 O30 	 250 	 2 
8 	 O31 	 251 	 2 
8 	 O32 	 252 	 2 
8 	 O33 	 253 	 2 
8 	 O34 	 254 	 2 
8 	 O35 	 255 	 2 
8 	 O36 	 256 	 2 
8 	 O37 	 257 	 2 
8 	 O38 	 258 	 2 
8 	 O39 	 259 	 2 
8 	 O40 	 260 	 2 
8 	 O41 	 261 	 2 
8 	 O42 	 262 	 2 
8 	 O43 	 263 	 2 
8 	 O44 	 264 	 2 
8 	 O45 	 265 	 2 
8 	 O46 	 266 	 2 
8 	 O47 	 267 	 2 
8 	 O48 	 268 	 2 
8 	 O49 	 269 	 1 
8 	 O50 	 270 	 2 
8 	 O51 	 271 	 2 
8 	 O52 	 272 	 2 
8 	 O53 	 273 	 2 
8 	 O54 	 274 	 2 
8 	 O55 	 275 	 2 
8 	 O56 	 276 	 2 
8 	 O57 	 277 	 2 
8 	 O58 	 278 	 2 
8 	 O59 	 279 	 2 
8 	 O60 	 280 	 2 
8 	 O61 	 281 	 2 
8 	 O62 	 282 	 2 
8 	 O63 	 283 	 2 
8 	 O64 	 284 	 2 
8 	 O65 	 285 	 2 
8 	 O66 	 286 	 2 
8 	 O67 	 287 	 2 
8 	 O68 	 288 	 2 
8 	 O69 	 289 	 2 
8 	 O70 	 290 	 2 
8 	 O71 	 291 	 2 
8 	 O72 	 292 	 2 
8 	 O73 	 293 	 2 
8 	 O74 	 294 	 2 
8 	 O75 	 295 	 2 
8 	 O76 	 296 	 2 
8 	 O77 	 297 	 2 
8 	 O78 	 298 	 2 
8 	 O79 	 299 	 2 
8 	 O80 	 300 	 2 
8 	 O81 	 301 	 2 
8 	 O82 	 302 	 2 
8 	 O83 	 303 	 2 
8 	 O84 	 304 	 2 
8 	 O85 	 305 	 2 
8 	 O86 	 306 	 2 
8 	 O87 	 307 	 2 
8 	 O88 	 308 	 2 
8 	 O89 	 309 	 2 
8 	 O90 	 310 	 2 
8 	 O91 	 311 	 2 
8 	 O92 	 312 	 2 
8 	 O93 	 313 	 2 
8 	 O94 	 314 	 2 
8 	 O95 	 315 	 2 
8 	 O96 	 316 	 2 
8 	 O97 	 317 	 2 
8 	 O98 	 318 	 2 
8 	 O99 	 319 	 2 
8 	 O100 	 320 	 2 
8 	 O101 	 321 	 2 
8 	 O102 	 322 	 2 
8 	 O103 	 323 	 2 
8 	 O104 	 324 	 2 
8 	 O105 	 325 	 2 
8 	 O106 	 326 	 2 
8 	 O107 	 327 	 2 
8 	 O108 	 328 	 2 
8 	 O109 	 329 	 2 
8 	 O110 	 330 	 2 
8 	 O111 	 331 	 2 
9 	 O1 	 221 	 2 
9 	 O2 	 222 	 2 
9 	 O3 	 223 	 2 
9 	 O4 	 224 	 2 
9 	 O5 	 225 	 2 
9 	 O6 	 226 	 2 
9 	 O7 	 227 	 2 
9 	 O8 	 228 	 2 
9 	 O9 	 229 	 2 
9 	 O10 	 230 	 2 
9 	 O11 	 231 	 2 
9 	 O12 	 232 	 2 
9 	 O13 	 233 	 2 
9 	 O14 	 234 	 2 
9 	 O15 	 235 	 2 
9 	 O16 	 236 	 2 
9 	 O17 	 237 	 2 
9 	 O18 	 238 	 2 
9 	 O19 	 239 	 2 
9 	 O20 	 240 	 2 
9 	 O21 	 241 	 2 
9 	 O22 	 242 	 2 
9 	 O23 	 243 	 2 
9 	 O24 	 244 	 2 
9 	 O25 	 245 	 2 
9 	 O26 	 246 	 2 
9 	 O27 	 247 	 2 
9 	 O28 	 248 	 2 
9 	 O29 	 249 	 2 
9 	 O30 	 250 	 2 
9 	 O31 	 251 	 2 
9 	 O32 	 252 	 2 
9 	 O33 	 253 	 2 
9 	 O34 	 254 	 2 
9 	 O35 	 255 	 2 
9 	 O36 	 256 	 2 
9 	 O37 	 257 	 2 
9 	 O38 	 258 	 2 
9 	 O39 	 259 	 2 
9 	 O40 	 260 	 2 
9 	 O41 	 261 	 2 
9 	 O42 	 262 	 2 
9 	 O43 	 263 	 2 
9 	 O44 	 264 	 2 
9 	 O45 	 265 	 2 
9 	 O46 	 266 	 2 
9 	 O47 	 267 	 2 
9 	 O48 	 268 	 2 
9 	 O49 	 269 	 1 
9 	 O50 	 270 	 2 
9 	 O51 	 271 	 2 
9 	 O52 	 272 	 2 
9 	 O53 	 273 	 2 
9 	 O54 	 274 	 2 
9 	 O55 	 275 	 2 
9 	 O56 	 276 	 2 
9 	 O57 	 277 	 2 
9 	 O58 	 278 	 2 
9 	 O59 	 279 	 2 
9 	 O60 	 280 	 2 
9 	 O61 	 281 	 2 
9 	 O62 	 282 	 2 
9 	 O63 	 283 	 2 
9 	 O64 	 284 	 2 
9 	 O65 	 285 	 2 
9 	 O66 	 286 	 2 
9 	 O67 	 287 	 2 
9 	 O68 	 288 	 2 
9 	 O69 	 289 	 2 
9 	 O70 	 290 	 2 
9 	 O71 	 291 	 2 
9 	 O72 	 292 	 2 
9 	 O73 	 293 	 2 
9 	 O74 	 294 	 2 
9 	 O75 	 295 	 2 
9 	 O76 	 296 	 2 
9 	 O77 	 297 	 2 
9 	 O78 	 298 	 2 
9 	 O79 	 299 	 2 
9 	 O80 	 300 	 2 
9 	 O81 	 301 	 2 
9 	 O82 	 302 	 2 
9 	 O83 	 303 	 2 
9 	 O84 	 304 	 2 
9 	 O85 	 305 	 2 
9 	 O86 	 306 	 2 
9 	 O87 	 307 	 2 
9 	 O88 	 308 	 2 
9 	 O89 	 309 	 2 
9 	 O90 	 310 	 2 
9 	 O91 	 311 	 2 
9 	 O92 	 312 	 2 
9 	 O93 	 313 	 2 
9 	 O94 	 314 	 2 
9 	 O95 	 315 	 2 
9 	 O96 	 316 	 2 
9 	 O97 	 317 	 2 
9 	 O98 	 318 	 2 
9 	 O99 	 319 	 2 
9 	 O100 	 320 	 2 
9 	 O101 	 321 	 2 
9 	 O102 	 322 	 2 
9 	 O103 	 323 	 2 
9 	 O104 	 324 	 2 
9 	 O105 	 325 	 2 
9 	 O106 	 326 	 2 
9 	 O107 	 327 	 2 
9 	 O108 	 328 	 2 
9 	 O109 	 329 	 2 
9 	 O110 	 330 	 2 
9 	 O111 	 331 	 2 
